[0;5;37;47m::::.:::::.:::::.:::::.:::::.:::::.:::::.:::::.:::::.:::[0m
[0;5;37;47m:.:.::.:.:::.:.:::.:.:::.:.:::.:.:::.:.:::.:.:::.:.:::.:[0m
[0;5;37;47m:::::.::.:.::::.:::.::.::.....:::.:::.::.::.::::.::.:::.[0m
[0;5;37;47m:.:.::..tt; .:::.::::.:..%888S..::.::::.::.S[0;1;37;47m88[0;1;33;47mS[0;1;37;47m88[0;5;37;47m;:::.::[0m
[0;5;37;47m::::.%[0;1;37;47m88[0;5;37;43m.[0;5;37;47mt[0;1;33;47mS[0;5;37;47m:[0;1;37;47m8[0;5;37;47m..:::.::.;8[0;1;37;47m@@[0;5;37;47m8[0;1;37;47mX[0;5;37;47m8[0;1;37;47mX[0;5;37;47m88%.::.:.:.S[0;1;37;47m%[0;1;33;47mS[0;5;1;37;43m88[0;5;1;33;47m8[0;5;1;37;43m88[0;1;33;47mS[0;1;37;47m8[0;5;37;47m%.:::[0m
[0;5;37;47m::.%[0;1;37;47m:[0;1;33;47mX[0;1;37;47m8[0;5;37;43m%[0;5;37;47m@[0;1;33;47mSS[0;1;37;47m8[0;1;33;47m8[0;1;37;47m%X[0;5;37;47m::.::.@[0;1;37;47mS[0;5;37;47m88[0;1;37;47mX[0;5;1;35;47m8[0;5;37;47m8[0;5;1;35;47m8[0;1;37;47m.[0;5;37;47m88[0;1;37;47m%8[0;5;37;47m.:::::[0;1;37;47mSt[0;5;37;47m88[0;1;37;47mtt[0;5;37;47m8[0;1;37;47m [0;5;37;47m8[0;1;37;47m;[0;5;37;47m8[0;1;37;47m :[0;5;37;47mt.:[0m
[0;5;37;47m:.%[0;1;37;47m%8[0;1;33;47m@[0;1;37;47mX8;[0;5;37;47m8[0;5;1;37;43m@[0;1;37;47mtt[0;1;33;47mX[0;1;37;47m:S[0;5;37;47m.:: @[0;1;37;47m:X@8@@ [0;5;37;47m8[0;1;37;47m88[0;1;35;47mX[0;5;37;47m8[0;1;37;47m 8[0;5;37;47m .: [0;1;37;47m8[0;1;33;47mS[0;5;37;47mX[0;1;33;47mX[0;1;36;47mS[0;5;37;47m8[0;5;37;46m8[0;5;37;47m88[0;5;37;46m8[0;5;37;47m8[0;1;36;47mS[0;1;33;47mS[0;5;1;33;47m8[0;1;37;47mX[0;5;37;47m::[0m
[0;5;37;47m.;[0;1;37;47m8[0;1;33;47m8X[0;1;37;47m%.[0;5;37;43m8[0;1;37;47m; %t[0;5;37;47m8[0;5;37;43m8[0;5;1;33;47m8[0;1;37;47m8[0;5;37;47m%..t[0;1;37;47mX[0;5;37;47m@[0;1;37;47m8.@8888888S88[0;5;37;47mt..%[0;1;37;47m8[0;5;1;37;43m@8[0;5;1;33;47m8[0;5;1;37;43m8[0;5;1;33;47m8[0;5;1;37;43m8[0;5;37;43m8[0;5;37;47m8[0;5;1;37;43mX88[0;5;1;33;47m88[0;5;37;43m8[0;5;37;47mS.[0m
[0;5;37;47m.[0;1;37;47m8[0;5;37;43m;[0;5;37;47m [0;5;1;37;43m@8[0;5;1;33;47m888[0;5;1;37;43m8888[0;5;1;33;47m8[0;5;1;37;43m8[0;1;33;47mS[0;1;37;47m%[0;5;37;47m;.8[0;1;37;47mX[0;5;37;47m8[0;1;37;47m8[0;5;1;35;47m8[0;5;37;47m8[0;5;37;45m8[0;5;37;47m8[0;1;37;47m8[0;5;37;45m8[0;5;37;47m88[0;1;35;47mS[0;5;37;47mS8[0;5;37;45m8[0;5;37;47m8;.[0;1;37;47m8 [0;5;37;47m8[0;1;37;47m  [0;5;37;47m8[0;1;33;47mX[0;5;37;47m8[0;5;1;37;43m8[0;1;33;47m%[0;5;37;47m8[0;5;37;43m8[0;5;37;47m8[0;1;37;47m [0;5;37;47m8[0;1;37;47m;S[0;5;37;47m:[0m
[0;5;37;47m:[0;1;37;47m8;[0;1;33;47mX[0;1;37;47mXtXX[0;1;33;47mS[0;5;37;47m8[0;1;37;47mt%%X [0;5;37;47m@[0;1;37;47m [0;5;37;47m@.[0;1;37;47m%88[0;1;35;47mS[0;5;37;47m888[0;5;1;35;47m8[0;5;37;47m88[0;5;1;35;47m8[0;5;37;47m88[0;5;37;45m8[0;5;37;47m88[0;1;37;47mt[0;5;37;47m;.[0;1;37;47mt[0;5;37;47m8[0;5;1;37;46m8[0;5;37;47m88[0;5;1;36;47m8[0;5;37;47m8[0;5;37;46m8[0;5;37;47m8[0;5;1;36;47m8[0;5;37;47m8[0;5;1;37;46m8[0;5;37;47m8[0;5;1;36;47m8[0;5;37;47m8[0;5;1;37;46m8[0;1;37;47m [0;5;37;47mS[0m
[0;5;37;47mt[0;1;37;47m;[0;1;33;47m%[0;1;37;47mS8[0;5;37;43m8[0;5;37;47m88[0;5;37;43m8[0;5;37;47m88[0;1;33;47mS[0;5;1;37;43m8[0;5;37;46m@[0;5;37;47m8[0;1;33;47m8[0;1;37;47m [0;5;37;47mS:[0;1;37;47mt8XSX88SSS%88[0;5;37;47m8[0;1;37;47m%8%[0;5;37;47m; [0;1;37;47mX[0;1;33;47m@[0;1;37;47m [0;5;1;37;46m8[0;5;37;47m8[0;5;1;32;46m8[0;5;1;33;47mX[0;5;37;47m8[0;5;1;36;47m8[0;5;1;37;43m8[0;5;1;37;46m8[0;5;1;33;47m8[0;5;1;37;46m8[0;5;37;43m8[0;5;1;37;46m@[0;5;37;43m8[0;1;37;47m [0;5;37;47mX[0m
[0;5;37;47m%[0;1;37;47m8[0;5;37;43m8[0;5;37;47m8[0;1;37;47m t [0;5;37;47m8[0;1;37;47m [0;1;33;47mX[0;5;37;47m8[0;1;37;47m [0;5;37;47m8[0;5;1;37;43m8[0;1;37;47m8[0;5;1;37;43m@[0;5;37;43m8[0;5;37;47m%.[0;1;37;47mS[0;5;37;47m8[0;1;37;47m8[0;5;37;47m%[0;1;37;47m8888888888[0;5;37;47m8[0;1;37;47m8@[0;5;37;47m;:@[0;5;37;43mS[0;5;1;33;47m8[0;5;1;37;43m@8[0;5;37;47m8[0;5;1;37;43m8[0;1;37;47m [0;5;1;37;43m8[0;5;37;46m8[0;5;1;37;43m8[0;1;37;47m [0;5;1;37;43m8[0;5;37;47m8[0;5;37;43m8[0;5;1;33;47m8[0;5;37;47m8%[0m
[0;5;37;47m:[0;1;37;47m8[0;5;37;43mX[0;5;1;33;47m8[0;5;1;37;43m888[0;5;1;33;47m8[0;5;1;37;43m8[0;5;1;33;47m8[0;5;1;37;43m8888[0;5;37;43m8[0;5;37;47m8[0;1;37;47m:[0;5;37;47m: [0;1;37;47m@S[0;5;1;35;47m8[0;1;37;47mS[0;5;1;35;47m8[0;5;37;47m8[0;5;37;45m8[0;5;37;47m88[0;5;1;37;45m8[0;5;37;47m88[0;5;1;37;45m8[0;5;37;47m8[0;5;1;35;47m8[0;1;37;47m [0;5;37;47m8.;:[0;1;37;47mt[0;5;37;47m8[0;1;37;47m [0;5;1;37;43m8[0;5;37;47m8[0;5;1;37;43m@[0;5;1;33;47m88[0;5;1;37;43m8[0;5;1;33;47m88[0;5;37;43m8[0;5;37;47m8[0;5;1;33;47m8[0;1;37;47m [0;5;37;47m8%[0m
[0;5;37;47m 8[0;1;37;47m8[0;1;36;47mS[0;1;37;47m.[0;5;37;47m8[0;5;37;43m8[0;5;37;47m8[0;5;1;37;43m@[0;5;37;47m8[0;5;37;43m8[0;5;37;47m8[0;1;37;47m   [0;5;1;36;47m8[0;5;37;47m8: t[0;1;37;47mt@S[0;5;37;47m8[0;1;37;47m:[0;5;37;47m8[0;1;37;47mt[0;5;37;47m8[0;1;37;47m X;[0;5;37;47m8[0;1;35;47m%[0;5;37;47m8[0;1;37;47mS[0;5;37;47m%.; [0;1;37;47m%[0;5;37;47m8[0;5;1;36;47m8[0;5;37;47m8[0;5;37;46m8[0;5;37;47m8[0;5;37;46m8[0;1;37;47m [0;5;37;47m8[0;1;36;47mX[0;5;37;47m8[0;5;37;46m8[0;5;37;47m8[0;5;1;37;46m8[0;1;33;47mS[0;5;37;47m8:[0m
[0;5;37;47m:.[0;1;36;47mS[0;1;37;47m8[0;5;37;43m8[0;5;1;37;46m8[0;1;37;47m%[0;5;37;43m8[0;5;1;37;46m8[0;1;37;47m [0;1;33;47m%[0;5;37;47m8[0;5;1;37;46m8[0;1;37;47m;[0;5;37;43m8[0;1;37;47mX[0;5;37;47m;:: [0;1;37;47m8S88888888888t[0;5;37;47m8.:: S[0;1;37;47m  [0;5;37;47m8[0;1;37;47m [0;5;1;36;47m8[0;5;1;33;47m8[0;5;1;37;46m8[0;5;37;47m8[0;5;1;37;46m8[0;5;1;33;47m8[0;5;1;37;46m8[0;5;37;43m8[0;1;36;47mS[0;5;37;47m8t:[0m
[0;5;37;47m:.;[0;1;37;47mt%X[0;1;33;47mS[0;1;37;47m [0;5;37;47m8[0;1;37;47m  [0;5;37;47m8[0;5;37;43m8[0;5;37;47m88@::::.S[0;1;37;47mX[0;1;35;47mS[0;5;37;47m@8[0;5;37;45m8[0;5;37;47m88[0;5;1;37;45m8[0;5;37;47m8[0;1;37;47m%S[0;5;37;47m%.::: :t8[0;5;1;37;43mX8[0;5;37;43m8[0;5;37;47m8[0;5;37;43m8[0;5;1;37;43m@[0;5;37;43m8[0;5;37;47m8[0;5;37;43m8[0;5;37;47m8Xt::[0m
[0;5;37;47m:::.8[0;5;37;43mX[0;5;1;33;47m8[0;5;1;37;43m8[0;5;1;33;47m8[0;5;1;37;43m888[0;1;37;47m;[0;5;37;47m8t;::.::.:[0;1;37;47mX[0;1;35;47mS[0;5;37;47m88[0;5;1;35;47m8[0;5;37;47m88[0;1;35;47mX[0;5;37;47m8%.::.:..;%:8[0;5;37;43m8[0;5;1;37;43m8[0;5;1;33;47m8[0;5;37;47m8[0;5;37;43m8[0;5;37;47m88%:.::[0m
[0;5;37;47m::::.%@88888%::.:::.:::.S888888%:::.::: :;;. %88@%;:.:::[0m
[0;5;37;47m:.::::::::;;:.::::::..:::;%XX%;:.:::::: ::::.;tt::.:::.:[0m
[0;5;37;47m::.:.:.::::.:::.:.::..::::::::.::.:.::: :::::.::::::.:::[0m
